HDF5 "nodes_0.h5" {
GROUP "/" {
   GROUP "nodes" {
      GROUP "pop_e" {
         GROUP "0" {
            GROUP "dynamics_params" {
               DATASET "hh_0.el_hh" {
                  DATATYPE  H5T_IEEE_F32LE
                  DATASPACE  SIMPLE { ( 400 ) / ( 400 ) }
                  DATA {
                  (0): -54.3, -54.3, -54.3, -54.3, -54.3, -54.3, -54.3,
                  (7): -54.3, -54.3, -54.3, -54.3, -54.3, -54.3, -54.3,
                  (14): -54.3, -54.3, -54.3, -54.3, -54.3, -54.3, -54.3,
                  (21): -54.3, -54.3, -54.3, -54.3, -54.3, -54.3, -54.3,
                  (28): -54.3, -54.3, -54.3, -54.3, -54.3, -54.3, -54.3,
                  (35): -54.3, -54.3, -54.3, -54.3, -54.3, -54.3, -54.3,
                  (42): -54.3, -54.3, -54.3, -54.3, -54.3, -54.3, -54.3,
                  (49): -54.3, -54.3, -54.3, -54.3, -54.3, -54.3, -54.3,
                  (56): -54.3, -54.3, -54.3, -54.3, -54.3, -54.3, -54.3,
                  (63): -54.3, -54.3, -54.3, -54.3, -54.3, -54.3, -54.3,
                  (70): -54.3, -54.3, -54.3, -54.3, -54.3, -54.3, -54.3,
                  (77): -54.3, -54.3, -54.3, -54.3, -54.3, -54.3, -54.3,
                  (84): -54.3, -54.3, -54.3, -54.3, -54.3, -54.3, -54.3,
                  (91): -54.3, -54.3, -54.3, -54.3, -54.3, -54.3, -54.3,
                  (98): -54.3, -54.3, -54.3, -54.3, -54.3, -54.3, -54.3,
                  (105): -54.3, -54.3, -54.3, -54.3, -54.3, -54.3, -54.3,
                  (112): -54.3, -54.3, -54.3, -54.3, -54.3, -54.3, -54.3,
                  (119): -54.3, -54.3, -54.3, -54.3, -54.3, -54.3, -54.3,
                  (126): -54.3, -54.3, -54.3, -54.3, -54.3, -54.3, -54.3,
                  (133): -54.3, -54.3, -54.3, -54.3, -54.3, -54.3, -54.3,
                  (140): -54.3, -54.3, -54.3, -54.3, -54.3, -54.3, -54.3,
                  (147): -54.3, -54.3, -54.3, -54.3, -54.3, -54.3, -54.3,
                  (154): -54.3, -54.3, -54.3, -54.3, -54.3, -54.3, -54.3,
                  (161): -54.3, -54.3, -54.3, -54.3, -54.3, -54.3, -54.3,
                  (168): -54.3, -54.3, -54.3, -54.3, -54.3, -54.3, -54.3,
                  (175): -54.3, -54.3, -54.3, -54.3, -54.3, -54.3, -54.3,
                  (182): -54.3, -54.3, -54.3, -54.3, -54.3, -54.3, -54.3,
                  (189): -54.3, -54.3, -54.3, -54.3, -54.3, -54.3, -54.3,
                  (196): -54.3, -54.3, -54.3, -54.3, -54.3, -54.3, -54.3,
                  (203): -54.3, -54.3, -54.3, -54.3, -54.3, -54.3, -54.3,
                  (210): -54.3, -54.3, -54.3, -54.3, -54.3, -54.3, -54.3,
                  (217): -54.3, -54.3, -54.3, -54.3, -54.3, -54.3, -54.3,
                  (224): -54.3, -54.3, -54.3, -54.3, -54.3, -54.3, -54.3,
                  (231): -54.3, -54.3, -54.3, -54.3, -54.3, -54.3, -54.3,
                  (238): -54.3, -54.3, -54.3, -54.3, -54.3, -54.3, -54.3,
                  (245): -54.3, -54.3, -54.3, -54.3, -54.3, -54.3, -54.3,
                  (252): -54.3, -54.3, -54.3, -54.3, -54.3, -54.3, -54.3,
                  (259): -54.3, -54.3, -54.3, -54.3, -54.3, -54.3, -54.3,
                  (266): -54.3, -54.3, -54.3, -54.3, -54.3, -54.3, -54.3,
                  (273): -54.3, -54.3, -54.3, -54.3, -54.3, -54.3, -54.3,
                  (280): -54.3, -54.3, -54.3, -54.3, -54.3, -54.3, -54.3,
                  (287): -54.3, -54.3, -54.3, -54.3, -54.3, -54.3, -54.3,
                  (294): -54.3, -54.3, -54.3, -54.3, -54.3, -54.3, -54.3,
                  (301): -54.3, -54.3, -54.3, -54.3, -54.3, -54.3, -54.3,
                  (308): -54.3, -54.3, -54.3, -54.3, -54.3, -54.3, -54.3,
                  (315): -54.3, -54.3, -54.3, -54.3, -54.3, -54.3, -54.3,
                  (322): -54.3, -54.3, -54.3, -54.3, -54.3, -54.3, -54.3,
                  (329): -54.3, -54.3, -54.3, -54.3, -54.3, -54.3, -54.3,
                  (336): -54.3, -54.3, -54.3, -54.3, -54.3, -54.3, -54.3,
                  (343): -54.3, -54.3, -54.3, -54.3, -54.3, -54.3, -54.3,
                  (350): -54.3, -54.3, -54.3, -54.3, -54.3, -54.3, -54.3,
                  (357): -54.3, -54.3, -54.3, -54.3, -54.3, -54.3, -54.3,
                  (364): -54.3, -54.3, -54.3, -54.3, -54.3, -54.3, -54.3,
                  (371): -54.3, -54.3, -54.3, -54.3, -54.3, -54.3, -54.3,
                  (378): -54.3, -54.3, -54.3, -54.3, -54.3, -54.3, -54.3,
                  (385): -54.3, -54.3, -54.3, -54.3, -54.3, -54.3, -54.3,
                  (392): -54.3, -54.3, -54.3, -54.3, -54.3, -54.3, -54.3,
                  (399): -54.3
                  }
               }
               DATASET "hh_0.gl_hh" {
                  DATATYPE  H5T_IEEE_F32LE
                  DATASPACE  SIMPLE { ( 400 ) / ( 400 ) }
                  DATA {
                  (0): 0.0003, 0.0003, 0.0003, 0.0003, 0.0003, 0.0003,
                  (6): 0.0003, 0.0003, 0.0003, 0.0003, 0.0003, 0.0003,
                  (12): 0.0003, 0.0003, 0.0003, 0.0003, 0.0003, 0.0003,
                  (18): 0.0003, 0.0003, 0.0003, 0.0003, 0.0003, 0.0003,
                  (24): 0.0003, 0.0003, 0.0003, 0.0003, 0.0003, 0.0003,
                  (30): 0.0003, 0.0003, 0.0003, 0.0003, 0.0003, 0.0003,
                  (36): 0.0003, 0.0003, 0.0003, 0.0003, 0.0003, 0.0003,
                  (42): 0.0003, 0.0003, 0.0003, 0.0003, 0.0003, 0.0003,
                  (48): 0.0003, 0.0003, 0.0003, 0.0003, 0.0003, 0.0003,
                  (54): 0.0003, 0.0003, 0.0003, 0.0003, 0.0003, 0.0003,
                  (60): 0.0003, 0.0003, 0.0003, 0.0003, 0.0003, 0.0003,
                  (66): 0.0003, 0.0003, 0.0003, 0.0003, 0.0003, 0.0003,
                  (72): 0.0003, 0.0003, 0.0003, 0.0003, 0.0003, 0.0003,
                  (78): 0.0003, 0.0003, 0.0003, 0.0003, 0.0003, 0.0003,
                  (84): 0.0003, 0.0003, 0.0003, 0.0003, 0.0003, 0.0003,
                  (90): 0.0003, 0.0003, 0.0003, 0.0003, 0.0003, 0.0003,
                  (96): 0.0003, 0.0003, 0.0003, 0.0003, 0.0003, 0.0003,
                  (102): 0.0003, 0.0003, 0.0003, 0.0003, 0.0003, 0.0003,
                  (108): 0.0003, 0.0003, 0.0003, 0.0003, 0.0003, 0.0003,
                  (114): 0.0003, 0.0003, 0.0003, 0.0003, 0.0003, 0.0003,
                  (120): 0.0003, 0.0003, 0.0003, 0.0003, 0.0003, 0.0003,
                  (126): 0.0003, 0.0003, 0.0003, 0.0003, 0.0003, 0.0003,
                  (132): 0.0003, 0.0003, 0.0003, 0.0003, 0.0003, 0.0003,
                  (138): 0.0003, 0.0003, 0.0003, 0.0003, 0.0003, 0.0003,
                  (144): 0.0003, 0.0003, 0.0003, 0.0003, 0.0003, 0.0003,
                  (150): 0.0003, 0.0003, 0.0003, 0.0003, 0.0003, 0.0003,
                  (156): 0.0003, 0.0003, 0.0003, 0.0003, 0.0003, 0.0003,
                  (162): 0.0003, 0.0003, 0.0003, 0.0003, 0.0003, 0.0003,
                  (168): 0.0003, 0.0003, 0.0003, 0.0003, 0.0003, 0.0003,
                  (174): 0.0003, 0.0003, 0.0003, 0.0003, 0.0003, 0.0003,
                  (180): 0.0003, 0.0003, 0.0003, 0.0003, 0.0003, 0.0003,
                  (186): 0.0003, 0.0003, 0.0003, 0.0003, 0.0003, 0.0003,
                  (192): 0.0003, 0.0003, 0.0003, 0.0003, 0.0003, 0.0003,
                  (198): 0.0003, 0.0003, 0.0003, 0.0003, 0.0003, 0.0003,
                  (204): 0.0003, 0.0003, 0.0003, 0.0003, 0.0003, 0.0003,
                  (210): 0.0003, 0.0003, 0.0003, 0.0003, 0.0003, 0.0003,
                  (216): 0.0003, 0.0003, 0.0003, 0.0003, 0.0003, 0.0003,
                  (222): 0.0003, 0.0003, 0.0003, 0.0003, 0.0003, 0.0003,
                  (228): 0.0003, 0.0003, 0.0003, 0.0003, 0.0003, 0.0003,
                  (234): 0.0003, 0.0003, 0.0003, 0.0003, 0.0003, 0.0003,
                  (240): 0.0003, 0.0003, 0.0003, 0.0003, 0.0003, 0.0003,
                  (246): 0.0003, 0.0003, 0.0003, 0.0003, 0.0003, 0.0003,
                  (252): 0.0003, 0.0003, 0.0003, 0.0003, 0.0003, 0.0003,
                  (258): 0.0003, 0.0003, 0.0003, 0.0003, 0.0003, 0.0003,
                  (264): 0.0003, 0.0003, 0.0003, 0.0003, 0.0003, 0.0003,
                  (270): 0.0003, 0.0003, 0.0003, 0.0003, 0.0003, 0.0003,
                  (276): 0.0003, 0.0003, 0.0003, 0.0003, 0.0003, 0.0003,
                  (282): 0.0003, 0.0003, 0.0003, 0.0003, 0.0003, 0.0003,
                  (288): 0.0003, 0.0003, 0.0003, 0.0003, 0.0003, 0.0003,
                  (294): 0.0003, 0.0003, 0.0003, 0.0003, 0.0003, 0.0003,
                  (300): 0.0003, 0.0003, 0.0003, 0.0003, 0.0003, 0.0003,
                  (306): 0.0003, 0.0003, 0.0003, 0.0003, 0.0003, 0.0003,
                  (312): 0.0003, 0.0003, 0.0003, 0.0003, 0.0003, 0.0003,
                  (318): 0.0003, 0.0003, 0.0003, 0.0003, 0.0003, 0.0003,
                  (324): 0.0003, 0.0003, 0.0003, 0.0003, 0.0003, 0.0003,
                  (330): 0.0003, 0.0003, 0.0003, 0.0003, 0.0003, 0.0003,
                  (336): 0.0003, 0.0003, 0.0003, 0.0003, 0.0003, 0.0003,
                  (342): 0.0003, 0.0003, 0.0003, 0.0003, 0.0003, 0.0003,
                  (348): 0.0003, 0.0003, 0.0003, 0.0003, 0.0003, 0.0003,
                  (354): 0.0003, 0.0003, 0.0003, 0.0003, 0.0003, 0.0003,
                  (360): 0.0003, 0.0003, 0.0003, 0.0003, 0.0003, 0.0003,
                  (366): 0.0003, 0.0003, 0.0003, 0.0003, 0.0003, 0.0003,
                  (372): 0.0003, 0.0003, 0.0003, 0.0003, 0.0003, 0.0003,
                  (378): 0.0003, 0.0003, 0.0003, 0.0003, 0.0003, 0.0003,
                  (384): 0.0003, 0.0003, 0.0003, 0.0003, 0.0003, 0.0003,
                  (390): 0.0003, 0.0003, 0.0003, 0.0003, 0.0003, 0.0003,
                  (396): 0.0003, 0.0003, 0.0003, 0.0003
                  }
               }
               DATASET "pas_0.e_pas" {
                  DATATYPE  H5T_IEEE_F32LE
                  DATASPACE  SIMPLE { ( 400 ) / ( 400 ) }
                  DATA {
                  (0): -65, -65, -65, -65, -65, -65, -65, -65, -65, -65, -65,
                  (11): -65, -65, -65, -65, -65, -65, -65, -65, -65, -65,
                  (21): -65, -65, -65, -65, -65, -65, -65, -65, -65, -65,
                  (31): -65, -65, -65, -65, -65, -65, -65, -65, -65, -65,
                  (41): -65, -65, -65, -65, -65, -65, -65, -65, -65, -65,
                  (51): -65, -65, -65, -65, -65, -65, -65, -65, -65, -65,
                  (61): -65, -65, -65, -65, -65, -65, -65, -65, -65, -65,
                  (71): -65, -65, -65, -65, -65, -65, -65, -65, -65, -65,
                  (81): -65, -65, -65, -65, -65, -65, -65, -65, -65, -65,
                  (91): -65, -65, -65, -65, -65, -65, -65, -65, -65, -65,
                  (101): -65, -65, -65, -65, -65, -65, -65, -65, -65, -65,
                  (111): -65, -65, -65, -65, -65, -65, -65, -65, -65, -65,
                  (121): -65, -65, -65, -65, -65, -65, -65, -65, -65, -65,
                  (131): -65, -65, -65, -65, -65, -65, -65, -65, -65, -65,
                  (141): -65, -65, -65, -65, -65, -65, -65, -65, -65, -65,
                  (151): -65, -65, -65, -65, -65, -65, -65, -65, -65, -65,
                  (161): -65, -65, -65, -65, -65, -65, -65, -65, -65, -65,
                  (171): -65, -65, -65, -65, -65, -65, -65, -65, -65, -65,
                  (181): -65, -65, -65, -65, -65, -65, -65, -65, -65, -65,
                  (191): -65, -65, -65, -65, -65, -65, -65, -65, -65, -65,
                  (201): -65, -65, -65, -65, -65, -65, -65, -65, -65, -65,
                  (211): -65, -65, -65, -65, -65, -65, -65, -65, -65, -65,
                  (221): -65, -65, -65, -65, -65, -65, -65, -65, -65, -65,
                  (231): -65, -65, -65, -65, -65, -65, -65, -65, -65, -65,
                  (241): -65, -65, -65, -65, -65, -65, -65, -65, -65, -65,
                  (251): -65, -65, -65, -65, -65, -65, -65, -65, -65, -65,
                  (261): -65, -65, -65, -65, -65, -65, -65, -65, -65, -65,
                  (271): -65, -65, -65, -65, -65, -65, -65, -65, -65, -65,
                  (281): -65, -65, -65, -65, -65, -65, -65, -65, -65, -65,
                  (291): -65, -65, -65, -65, -65, -65, -65, -65, -65, -65,
                  (301): -65, -65, -65, -65, -65, -65, -65, -65, -65, -65,
                  (311): -65, -65, -65, -65, -65, -65, -65, -65, -65, -65,
                  (321): -65, -65, -65, -65, -65, -65, -65, -65, -65, -65,
                  (331): -65, -65, -65, -65, -65, -65, -65, -65, -65, -65,
                  (341): -65, -65, -65, -65, -65, -65, -65, -65, -65, -65,
                  (351): -65, -65, -65, -65, -65, -65, -65, -65, -65, -65,
                  (361): -65, -65, -65, -65, -65, -65, -65, -65, -65, -65,
                  (371): -65, -65, -65, -65, -65, -65, -65, -65, -65, -65,
                  (381): -65, -65, -65, -65, -65, -65, -65, -65, -65, -65,
                  (391): -65, -65, -65, -65, -65, -65, -65, -65, -65
                  }
               }
               DATASET "pas_0.g_pas" {
                  DATATYPE  H5T_IEEE_F32LE
                  DATASPACE  SIMPLE { ( 400 ) / ( 400 ) }
                  DATA {
                  (0): 0.001, 0.001, 0.001, 0.001, 0.001, 0.001, 0.001,
                  (7): 0.001, 0.001, 0.001, 0.001, 0.001, 0.001, 0.001,
                  (14): 0.001, 0.001, 0.001, 0.001, 0.001, 0.001, 0.001,
                  (21): 0.001, 0.001, 0.001, 0.001, 0.001, 0.001, 0.001,
                  (28): 0.001, 0.001, 0.001, 0.001, 0.001, 0.001, 0.001,
                  (35): 0.001, 0.001, 0.001, 0.001, 0.001, 0.001, 0.001,
                  (42): 0.001, 0.001, 0.001, 0.001, 0.001, 0.001, 0.001,
                  (49): 0.001, 0.001, 0.001, 0.001, 0.001, 0.001, 0.001,
                  (56): 0.001, 0.001, 0.001, 0.001, 0.001, 0.001, 0.001,
                  (63): 0.001, 0.001, 0.001, 0.001, 0.001, 0.001, 0.001,
                  (70): 0.001, 0.001, 0.001, 0.001, 0.001, 0.001, 0.001,
                  (77): 0.001, 0.001, 0.001, 0.001, 0.001, 0.001, 0.001,
                  (84): 0.001, 0.001, 0.001, 0.001, 0.001, 0.001, 0.001,
                  (91): 0.001, 0.001, 0.001, 0.001, 0.001, 0.001, 0.001,
                  (98): 0.001, 0.001, 0.001, 0.001, 0.001, 0.001, 0.001,
                  (105): 0.001, 0.001, 0.001, 0.001, 0.001, 0.001, 0.001,
                  (112): 0.001, 0.001, 0.001, 0.001, 0.001, 0.001, 0.001,
                  (119): 0.001, 0.001, 0.001, 0.001, 0.001, 0.001, 0.001,
                  (126): 0.001, 0.001, 0.001, 0.001, 0.001, 0.001, 0.001,
                  (133): 0.001, 0.001, 0.001, 0.001, 0.001, 0.001, 0.001,
                  (140): 0.001, 0.001, 0.001, 0.001, 0.001, 0.001, 0.001,
                  (147): 0.001, 0.001, 0.001, 0.001, 0.001, 0.001, 0.001,
                  (154): 0.001, 0.001, 0.001, 0.001, 0.001, 0.001, 0.001,
                  (161): 0.001, 0.001, 0.001, 0.001, 0.001, 0.001, 0.001,
                  (168): 0.001, 0.001, 0.001, 0.001, 0.001, 0.001, 0.001,
                  (175): 0.001, 0.001, 0.001, 0.001, 0.001, 0.001, 0.001,
                  (182): 0.001, 0.001, 0.001, 0.001, 0.001, 0.001, 0.001,
                  (189): 0.001, 0.001, 0.001, 0.001, 0.001, 0.001, 0.001,
                  (196): 0.001, 0.001, 0.001, 0.001, 0.001, 0.001, 0.001,
                  (203): 0.001, 0.001, 0.001, 0.001, 0.001, 0.001, 0.001,
                  (210): 0.001, 0.001, 0.001, 0.001, 0.001, 0.001, 0.001,
                  (217): 0.001, 0.001, 0.001, 0.001, 0.001, 0.001, 0.001,
                  (224): 0.001, 0.001, 0.001, 0.001, 0.001, 0.001, 0.001,
                  (231): 0.001, 0.001, 0.001, 0.001, 0.001, 0.001, 0.001,
                  (238): 0.001, 0.001, 0.001, 0.001, 0.001, 0.001, 0.001,
                  (245): 0.001, 0.001, 0.001, 0.001, 0.001, 0.001, 0.001,
                  (252): 0.001, 0.001, 0.001, 0.001, 0.001, 0.001, 0.001,
                  (259): 0.001, 0.001, 0.001, 0.001, 0.001, 0.001, 0.001,
                  (266): 0.001, 0.001, 0.001, 0.001, 0.001, 0.001, 0.001,
                  (273): 0.001, 0.001, 0.001, 0.001, 0.001, 0.001, 0.001,
                  (280): 0.001, 0.001, 0.001, 0.001, 0.001, 0.001, 0.001,
                  (287): 0.001, 0.001, 0.001, 0.001, 0.001, 0.001, 0.001,
                  (294): 0.001, 0.001, 0.001, 0.001, 0.001, 0.001, 0.001,
                  (301): 0.001, 0.001, 0.001, 0.001, 0.001, 0.001, 0.001,
                  (308): 0.001, 0.001, 0.001, 0.001, 0.001, 0.001, 0.001,
                  (315): 0.001, 0.001, 0.001, 0.001, 0.001, 0.001, 0.001,
                  (322): 0.001, 0.001, 0.001, 0.001, 0.001, 0.001, 0.001,
                  (329): 0.001, 0.001, 0.001, 0.001, 0.001, 0.001, 0.001,
                  (336): 0.001, 0.001, 0.001, 0.001, 0.001, 0.001, 0.001,
                  (343): 0.001, 0.001, 0.001, 0.001, 0.001, 0.001, 0.001,
                  (350): 0.001, 0.001, 0.001, 0.001, 0.001, 0.001, 0.001,
                  (357): 0.001, 0.001, 0.001, 0.001, 0.001, 0.001, 0.001,
                  (364): 0.001, 0.001, 0.001, 0.001, 0.001, 0.001, 0.001,
                  (371): 0.001, 0.001, 0.001, 0.001, 0.001, 0.001, 0.001,
                  (378): 0.001, 0.001, 0.001, 0.001, 0.001, 0.001, 0.001,
                  (385): 0.001, 0.001, 0.001, 0.001, 0.001, 0.001, 0.001,
                  (392): 0.001, 0.001, 0.001, 0.001, 0.001, 0.001, 0.001,
                  (399): 0.001
                  }
               }
            }
         }
         DATASET "node_group_id" {
            DATATYPE  H5T_STD_I32LE
            DATASPACE  SIMPLE { ( 400 ) / ( 400 ) }
            DATA {
            (0): 0, 0, 0, 0, 0, 0, 0, 0, 0, 0, 0, 0, 0, 0, 0, 0, 0, 0, 0, 0,
            (20): 0, 0, 0, 0, 0, 0, 0, 0, 0, 0, 0, 0, 0, 0, 0, 0, 0, 0, 0, 0,
            (40): 0, 0, 0, 0, 0, 0, 0, 0, 0, 0, 0, 0, 0, 0, 0, 0, 0, 0, 0, 0,
            (60): 0, 0, 0, 0, 0, 0, 0, 0, 0, 0, 0, 0, 0, 0, 0, 0, 0, 0, 0, 0,
            (80): 0, 0, 0, 0, 0, 0, 0, 0, 0, 0, 0, 0, 0, 0, 0, 0, 0, 0, 0, 0,
            (100): 0, 0, 0, 0, 0, 0, 0, 0, 0, 0, 0, 0, 0, 0, 0, 0, 0, 0, 0,
            (119): 0, 0, 0, 0, 0, 0, 0, 0, 0, 0, 0, 0, 0, 0, 0, 0, 0, 0, 0,
            (138): 0, 0, 0, 0, 0, 0, 0, 0, 0, 0, 0, 0, 0, 0, 0, 0, 0, 0, 0,
            (157): 0, 0, 0, 0, 0, 0, 0, 0, 0, 0, 0, 0, 0, 0, 0, 0, 0, 0, 0,
            (176): 0, 0, 0, 0, 0, 0, 0, 0, 0, 0, 0, 0, 0, 0, 0, 0, 0, 0, 0,
            (195): 0, 0, 0, 0, 0, 0, 0, 0, 0, 0, 0, 0, 0, 0, 0, 0, 0, 0, 0,
            (214): 0, 0, 0, 0, 0, 0, 0, 0, 0, 0, 0, 0, 0, 0, 0, 0, 0, 0, 0,
            (233): 0, 0, 0, 0, 0, 0, 0, 0, 0, 0, 0, 0, 0, 0, 0, 0, 0, 0, 0,
            (252): 0, 0, 0, 0, 0, 0, 0, 0, 0, 0, 0, 0, 0, 0, 0, 0, 0, 0, 0,
            (271): 0, 0, 0, 0, 0, 0, 0, 0, 0, 0, 0, 0, 0, 0, 0, 0, 0, 0, 0,
            (290): 0, 0, 0, 0, 0, 0, 0, 0, 0, 0, 0, 0, 0, 0, 0, 0, 0, 0, 0,
            (309): 0, 0, 0, 0, 0, 0, 0, 0, 0, 0, 0, 0, 0, 0, 0, 0, 0, 0, 0,
            (328): 0, 0, 0, 0, 0, 0, 0, 0, 0, 0, 0, 0, 0, 0, 0, 0, 0, 0, 0,
            (347): 0, 0, 0, 0, 0, 0, 0, 0, 0, 0, 0, 0, 0, 0, 0, 0, 0, 0, 0,
            (366): 0, 0, 0, 0, 0, 0, 0, 0, 0, 0, 0, 0, 0, 0, 0, 0, 0, 0, 0,
            (385): 0, 0, 0, 0, 0, 0, 0, 0, 0, 0, 0, 0, 0, 0, 0
            }
         }
         DATASET "node_group_index" {
            DATATYPE  H5T_STD_I32LE
            DATASPACE  SIMPLE { ( 400 ) / ( 400 ) }
            DATA {
            (0): 0, 1, 2, 3, 4, 5, 6, 7, 8, 9, 10, 11, 12, 13, 14, 15, 16,
            (17): 17, 18, 19, 20, 21, 22, 23, 24, 25, 26, 27, 28, 29, 30, 31,
            (32): 32, 33, 34, 35, 36, 37, 38, 39, 40, 41, 42, 43, 44, 45, 46,
            (47): 47, 48, 49, 50, 51, 52, 53, 54, 55, 56, 57, 58, 59, 60, 61,
            (62): 62, 63, 64, 65, 66, 67, 68, 69, 70, 71, 72, 73, 74, 75, 76,
            (77): 77, 78, 79, 80, 81, 82, 83, 84, 85, 86, 87, 88, 89, 90, 91,
            (92): 92, 93, 94, 95, 96, 97, 98, 99, 100, 101, 102, 103, 104,
            (105): 105, 106, 107, 108, 109, 110, 111, 112, 113, 114, 115,
            (116): 116, 117, 118, 119, 120, 121, 122, 123, 124, 125, 126,
            (127): 127, 128, 129, 130, 131, 132, 133, 134, 135, 136, 137,
            (138): 138, 139, 140, 141, 142, 143, 144, 145, 146, 147, 148,
            (149): 149, 150, 151, 152, 153, 154, 155, 156, 157, 158, 159,
            (160): 160, 161, 162, 163, 164, 165, 166, 167, 168, 169, 170,
            (171): 171, 172, 173, 174, 175, 176, 177, 178, 179, 180, 181,
            (182): 182, 183, 184, 185, 186, 187, 188, 189, 190, 191, 192,
            (193): 193, 194, 195, 196, 197, 198, 199, 200, 201, 202, 203,
            (204): 204, 205, 206, 207, 208, 209, 210, 211, 212, 213, 214,
            (215): 215, 216, 217, 218, 219, 220, 221, 222, 223, 224, 225,
            (226): 226, 227, 228, 229, 230, 231, 232, 233, 234, 235, 236,
            (237): 237, 238, 239, 240, 241, 242, 243, 244, 245, 246, 247,
            (248): 248, 249, 250, 251, 252, 253, 254, 255, 256, 257, 258,
            (259): 259, 260, 261, 262, 263, 264, 265, 266, 267, 268, 269,
            (270): 270, 271, 272, 273, 274, 275, 276, 277, 278, 279, 280,
            (281): 281, 282, 283, 284, 285, 286, 287, 288, 289, 290, 291,
            (292): 292, 293, 294, 295, 296, 297, 298, 299, 300, 301, 302,
            (303): 303, 304, 305, 306, 307, 308, 309, 310, 311, 312, 313,
            (314): 314, 315, 316, 317, 318, 319, 320, 321, 322, 323, 324,
            (325): 325, 326, 327, 328, 329, 330, 331, 332, 333, 334, 335,
            (336): 336, 337, 338, 339, 340, 341, 342, 343, 344, 345, 346,
            (347): 347, 348, 349, 350, 351, 352, 353, 354, 355, 356, 357,
            (358): 358, 359, 360, 361, 362, 363, 364, 365, 366, 367, 368,
            (369): 369, 370, 371, 372, 373, 374, 375, 376, 377, 378, 379,
            (380): 380, 381, 382, 383, 384, 385, 386, 387, 388, 389, 390,
            (391): 391, 392, 393, 394, 395, 396, 397, 398, 399
            }
         }
         DATASET "node_type_id" {
            DATATYPE  H5T_STD_I32LE
            DATASPACE  SIMPLE { ( 400 ) / ( 400 ) }
            DATA {
            (0): 100, 100, 100, 100, 100, 100, 100, 100, 100, 100, 100, 100,
            (12): 100, 100, 100, 100, 100, 100, 100, 100, 100, 100, 100, 100,
            (24): 100, 100, 100, 100, 100, 100, 100, 100, 100, 100, 100, 100,
            (36): 100, 100, 100, 100, 100, 100, 100, 100, 100, 100, 100, 100,
            (48): 100, 100, 100, 100, 100, 100, 100, 100, 100, 100, 100, 100,
            (60): 100, 100, 100, 100, 100, 100, 100, 100, 100, 100, 100, 100,
            (72): 100, 100, 100, 100, 100, 100, 100, 100, 100, 100, 100, 100,
            (84): 100, 100, 100, 100, 100, 100, 100, 100, 100, 100, 100, 100,
            (96): 100, 100, 100, 100, 100, 100, 100, 100, 100, 100, 100, 100,
            (108): 100, 100, 100, 100, 100, 100, 100, 100, 100, 100, 100,
            (119): 100, 100, 100, 100, 100, 100, 100, 100, 100, 100, 100,
            (130): 100, 100, 100, 100, 100, 100, 100, 100, 100, 100, 100,
            (141): 100, 100, 100, 100, 100, 100, 100, 100, 100, 100, 100,
            (152): 100, 100, 100, 100, 100, 100, 100, 100, 100, 100, 100,
            (163): 100, 100, 100, 100, 100, 100, 100, 100, 100, 100, 100,
            (174): 100, 100, 100, 100, 100, 100, 100, 100, 100, 100, 100,
            (185): 100, 100, 100, 100, 100, 100, 100, 100, 100, 100, 100,
            (196): 100, 100, 100, 100, 100, 100, 100, 100, 100, 100, 100,
            (207): 100, 100, 100, 100, 100, 100, 100, 100, 100, 100, 100,
            (218): 100, 100, 100, 100, 100, 100, 100, 100, 100, 100, 100,
            (229): 100, 100, 100, 100, 100, 100, 100, 100, 100, 100, 100,
            (240): 100, 100, 100, 100, 100, 100, 100, 100, 100, 100, 100,
            (251): 100, 100, 100, 100, 100, 100, 100, 100, 100, 100, 100,
            (262): 100, 100, 100, 100, 100, 100, 100, 100, 100, 100, 100,
            (273): 100, 100, 100, 100, 100, 100, 100, 100, 100, 100, 100,
            (284): 100, 100, 100, 100, 100, 100, 100, 100, 100, 100, 100,
            (295): 100, 100, 100, 100, 100, 100, 100, 100, 100, 100, 100,
            (306): 100, 100, 100, 100, 100, 100, 100, 100, 100, 100, 100,
            (317): 100, 100, 100, 100, 100, 100, 100, 100, 100, 100, 100,
            (328): 100, 100, 100, 100, 100, 100, 100, 100, 100, 100, 100,
            (339): 100, 100, 100, 100, 100, 100, 100, 100, 100, 100, 100,
            (350): 100, 100, 100, 100, 100, 100, 100, 100, 100, 100, 100,
            (361): 100, 100, 100, 100, 100, 100, 100, 100, 100, 100, 100,
            (372): 100, 100, 100, 100, 100, 100, 100, 100, 100, 100, 100,
            (383): 100, 100, 100, 100, 100, 100, 100, 100, 100, 100, 100,
            (394): 100, 100, 100, 100, 100, 100
            }
         }
      }
   }
}
}
